Channel	Area	AxisMajor	AxisMinor	CenterX	CenterY	Perim
1	287	26.51488876	14.44624329	28.55400658	6.40766573	72.52690887
1	198	24.04472542	11.17208004	110.7121201	4.378787994	63.45584488
1	124	28.64944649	5.783112526	171.6290283	1.854838729	63.55635071
1	229	24.98757744	12.55975056	214.1572113	4.973799229	70.87005615
1	475	34.04827881	17.89848709	254.4168396	14.44631577	91.49747467
1	587	36.96831894	20.51860428	311.0153198	16.82623482	99.49747467
1	623	33.38825607	23.83250427	184.993576	25.97592354	97.25483704
1	571	32.95373917	22.1408844	407.9877319	36.29421997	93.84062195
1	544	37.31975937	19.44900131	128.34375	40.44301605	102.9116898
1	720	42.23023987	21.71565819	344.6694336	47.72360992	111.0538254
1	406	30.21853256	17.27133179	259.6625671	47.71921158	81.94112396
1	793	37.41115189	27.01357269	72.44136047	68.37200165	109.1543274
1	417	24.5693512	22.01101112	100.8609085	61.02877808	80.42640686
1	618	32.67807007	24.16667747	25.87216759	69.8398056	96.08325958
1	753	46.07430649	20.87340164	199.687912	72.02124786	115.8406219
1	522	39.59501648	17.28045845	392.2701111	99.02298737	99.84062195
1	304	27.31636429	15.13863468	428.1513062	107.6019745	75.69848633
1	938	45.82690811	26.3299408	303.2185364	124.3901901	123.9827576
1	753	43.58513641	22.09755325	351.6201782	126.4488678	114.3258972
1	520	31.30130577	21.1777153	120.7865372	121.4057693	89.25483704
1	722	46.58345413	19.81794739	188.8739624	130.6537323	116.7106781
1	553	37.58506012	18.77304459	239.748642	124.3037949	98.08325958
1	7	3.023715734	2.79941678	423.2857056	124	11.07106781
1	516	33.87970352	19.76006317	377.4651184	150.6938019	94.32589722
1	630	42.43292236	18.9808197	122.771431	158.180954	107.8406219
1	586	39.78148651	19.13569832	418.7355042	164.9368591	105.9827576
1	715	36.6090126	24.94309616	272.5552368	174.8027954	105.1543274
1	542	32.54322052	22.50172806	83.73800659	177.0479736	99.49747467
1	615	41.58985519	19.12981987	48.61626053	191.9788666	105.254837
1	827	41.93904495	25.14702606	139.9576721	196.7871857	114.3258972
1	679	41.33395004	21.00328445	365.2223816	207.0589142	109.0538254
1	84	15.25244045	7.552554131	431.5	202.3809509	40.97056198
1	390	27.13724899	18.33499336	22.47948647	208.0410309	78.18376923
1	553	37.54582596	19.03982162	216.3038025	205.5786591	104.6690445
1	6	3.829708338	1.885618091	230.5	215.6666718	12.07106781
1	6	3.829708338	1.885618091	216.5	218.6666718	12.07106781
1	2	2	0	203	221.5	6.242640495
1	17	5.661053181	3.80232358	220.3529358	229.2941132	17.31370926
1	728	35.57707977	26.42958069	291.0576782	243.4862671	105.8406219
1	140	17.50412178	11.15351105	430.1856995	240.5714264	52.04162979
1	445	28.48680115	20.87731361	244.7258453	247.901123	85.11270142
1	243	30.89416313	10.61049271	160.7860107	252.2427979	74.62741852
